Business_as_usual_2050	moderate_2050	extensive_2050	Business_as_usual_2099	moderate_2099	extensive_2099
0.37242295	-0.072381549	0.378191049	-0.323772316	-0.278512152	-0.227768235
0.415374248	0.243787026	0.163427206	-0.029895514	0.388440146	-0.067582317
-0.290499053	-0.347899201	0.195665289	1.011987962	0.687946961	0.481086919
0.319864034	-0.267010851	0.324733173	-0.360389695	0.512567802	0.335251042
0.588164441	-0.076667293	0.254713414	1.379234701	0.194004521	0.155913043
0.066961619	-0.204427439	0.267788429	-0.063442771	0.642260233	-0.151676389
0.179543024	-0.272887207	0.118194796	1.357112954	0.545689682	-0.414288465
0.401941494	-0.321327365	0.250600073	-0.255039866	0.813778424	0.314779963
0.378505984	-0.345267093	0.070679869	0.338281816	0.184885009	-0.454444359
0.112734258	0.476682045	0.316374926	0.043130651	-0.360464849	-0.29695573
0.268138799	-0.035065852	0.43802757	0.162131148	-0.425672786	-0.33463816
0.423547777	0.471050167	0.390903444	0.020970213	0.415042251	-0.341318283
0.003870425	0.325803418	0.197327934	1.059193211	-0.178942871	-0.338424126
-0.548781397	-0.40117812	0.415023153	0.640626537	0.593050922	0.575814066
-0.359873742	-0.088148816	0.263644002	0.663999133	0.789568802	0.002910948
0.158516443	0.028993211	0.427255822	-0.342918896	-0.382482719	0.329217413
0.369519943	0.242461478	0.324001337	0.009485623	-0.317141378	0.078500477
0.219283549	0.358783928	0.042855837	1.393077248	-0.420932339	0.319645231
0.064367378	-0.434005145	0.369932665	0.693201625	0.488193453	0.607719961
0.365723322	0.019158409	0.360671452	-0.315820624	-0.342799842	0.542877455
0.79648003	0.232661514	0.040461486	-0.102530437	0.632611002	0.329878366
0.184569684	-0.047918313	0.409752735	1.369235569	-0.084460009	0.181971929
0.159222411	-0.395489047	0.487914967	0.92239012	0.451911498	0.22333968
-0.322820195	-0.165247668	0.006707455	1.259540481	-0.385432392	0.377154587
0.225792246	0.444492055	0.144601219	1.57125864	0.211539959	0.176309239
-0.320806344	0.480790968	0.028791824	0.875601448	-0.089066546	0.512416799
0.243612052	-0.018623912	0.157113433	-0.108487914	0.000695834	-0.297692292
-0.387063918	-0.398210656	0.464746992	-0.300188001	0.553448891	0.601295666
-0.390422541	-0.073767025	0.127751235	-0.263158177	-0.125008052	-0.181072292
-0.186199072	-0.401779771	0.46283764	0.176855527	0.589418707	0.104277002
-0.164614434	-0.335664064	0.337999281	-0.372518113	0.207171924	0.412846568
-0.308438896	0.461205041	0.412064367	1.602910723	0.626399538	-0.276236546
-0.599837074	0.409777464	0.027754422	0.690639995	-0.394581773	-0.428817364
0.832685523	-0.095445389	0.060510692	0.826315422	-0.493728998	-0.314952249
0.079316625	0.361160662	0.469856755	0.386691018	0.006456842	0.476797672
0.69044638	-0.346331285	0.282472842	0.623939661	0.739702686	-0.198114501
-0.352359506	0.247248204	0.347591915	0.315815645	0.0206978	-0.330732448
-0.315605949	0.041663452	0.435020304	0.534957094	-0.099830602	-0.279410921
-0.20708811	-0.344270735	-0.011944144	0.490500994	-0.298706697	-0.16692287
0.253953927	-0.055926467	0.026471924	1.597069335	0.685592272	0.486341119
-0.517484613	0.244100517	0.037132604	-0.103835073	-0.146526096	0.249332831
0.747938275	-0.256843715	0.43362841	0.451739125	-0.08068731	0.063519001
0.611579879	0.118031412	0.493049535	0.288446419	-0.221702093	0.308342985
0.587477993	0.000236525	0.207579509	0.642073442	0.016376529	-0.167475117
0.28181603	0.286502295	0.254170115	-0.40577483	-0.361136665	0.388887477
-0.128744962	-0.098708687	0.002023355	1.565009662	-0.444371014	0.115428412
-0.053918158	-0.366571025	0.522860276	0.218761526	0.12735277	0.33261351
-0.500966832	-0.168480157	0.441927527	-0.40457147	0.057964558	0.448872282
0.206818709	0.002985308	0.075587275	0.967255617	0.113807224	0.510568309
0.086866471	0.148741492	0.113161463	0.562063682	-0.300673634	0.236759571
-0.331676041	0.464328639	0.498574126	0.482999515	-0.491870738	0.585412873
0.270930288	-0.415764623	0.158493978	1.1067251	-0.32879279	-0.44280846
0.518057299	0.059912871	0.046712128	0.672052792	0.511695164	0.072546109
0.711264604	-0.387512428	0.055477306	0.665462441	-0.496696256	-0.06210804
0.823437479	0.082828129	0.391558987	0.181510757	-0.195515451	0.037244573
-0.534294387	0.324299827	0.379205077	0.772494029	0.340941636	0.368898451
0.398861289	0.393793304	0.342136541	0.240643853	0.512876919	0.003931202
0.21076424	-0.407607523	0.514227615	-0.394637245	0.786620093	0.341526726
0.538453636	-0.158007564	0.472051009	0.397338188	0.648635017	-0.372825681
-0.363578441	0.369558801	0.167964959	-0.249275681	0.562962288	-0.455213424
0.095466646	-0.241686812	0.339783073	0.97621432	-0.484228849	0.393537236
0.248197237	-0.315267324	0.269323875	0.358577155	0.214043548	0.551644238
0.620337945	0.485663853	0.186308275	0.518132884	0.165264062	0.378765003
0.85950661	0.126807424	0.30641964	1.186056831	-0.478642559	0.273011321
-0.251893707	0.252675734	0.181849395	0.290185891	0.26557328	0.069443007
-0.24292593	0.269171086	0.269251778	0.094745804	0.583888157	-0.214180422
-0.109123342	-0.382532315	0.055755993	1.204754103	0.509149774	0.584388862
0.409463985	-0.357407663	0.505952202	-0.21536614	0.645698411	0.02438211
0.263877481	0.305544682	0.479986578	0.3883586	-0.471038998	-0.350925003
0.665499965	0.023743082	0.013703637	1.376162417	0.011374994	-0.27744955
-0.501580654	0.048561643	0.394793132	-0.06957604	0.221190702	0.046811044
0.363198495	0.462520651	0.476441714	1.593511596	-0.375372012	0.219321624
0.448531198	0.111242038	0.253362927	0.487757646	-0.268906047	-0.000340988
0.007910032	-0.300009924	0.061281334	0.818629593	0.181894319	-0.014392982
0.058231121	0.397613134	0.036178069	-0.37684027	-0.232950662	0.259244957
0.540104887	0.402555535	0.419029198	0.243036478	0.450643797	0.108982293
0.394686239	0.439477831	0.468237501	0.185646618	0.451479669	0.031331297
0.290891984	0.477009295	0.255545043	-0.346253489	-0.301668516	0.194718699
0.148299794	0.251632667	0.489800028	0.440253706	-0.385625183	0.433058696
-0.363732005	-0.28822657	0.46094624	1.439227687	0.745888936	0.132125977
-0.312821206	0.111392065	0.25573146	-0.171877249	-0.144008455	0.421921602
0.210093902	-0.220841496	0.187756343	1.293774258	-0.063457295	0.202679099
0.601101847	-0.289482169	0.170104155	0.38853469	0.644201194	0.201358486
0.03839893	0.407549061	0.012624133	-0.172192869	-0.463106223	-0.344116614
0.553866706	-0.033156658	0.174725267	0.242932432	0.779751785	0.280485625
0.456128928	-0.065518332	0.082913472	1.437179368	-0.359178317	0.551310814
0.864172969	0.211576236	0.282176632	0.909159679	0.00511883	-0.294336274
0.085260067	-0.251513442	0.202322624	1.133407089	0.0129579	-0.325162651
-0.53196421	0.178568255	0.399581645	0.173843556	-0.046734144	-0.45362926
0.755047105	0.17005122	-0.001447449	1.001974444	0.255121328	-0.422039212
-0.118270692	0.001289345	0.505344557	-0.090665694	0.447899293	0.309053229
-0.108319449	-0.432046464	0.312318366	0.384126056	-0.137397528	-0.296503136
-0.141460843	0.013942086	0.302681978	1.445446286	0.691417931	0.200182634
0.797191263	-0.299695203	0.169754377	0.005929897	0.503373059	-0.21828318
-0.102480879	-0.342025559	0.316287955	1.367343976	0.224206211	-0.425880723
0.856706026	0.348358092	0.33729063	1.594427999	0.642681572	-0.405285692
0.094782272	-0.442022907	0.131054388	0.05206303	0.618286752	-0.344160251
0.870593408	-0.032884111	0.086342617	1.306596694	0.177124205	0.213108192
0.795890258	-0.278336756	0.126451292	1.551954784	-0.277833923	0.209202832
0.2186769	0.019754125	0.057356577	0.731200858	0.645658667	0.004273853
0.296230602	-0.302946809	0.271211441	0.993153376	0.446701636	-0.335718471
-0.520868056	-0.176224865	0.097958807	0.539836461	-0.437354335	-0.083845944
-0.377150696	-0.402912292	0.161496473	0.479324593	0.47431797	-0.445670706
-0.273256559	-0.428017475	0.260174888	1.504074174	0.528291262	0.559809271
0.287914956	-0.029953752	0.466519413	0.476663792	-0.099529557	0.512504115
-0.169909051	-0.400221668	0.355175842	0.787414736	-0.14408671	-0.105185988
-0.55942376	0.099602539	0.359326376	-0.086578687	-0.058197091	0.078089247
-0.381018191	-0.053365597	0.015468156	0.701866442	-0.045110044	-0.454215389
-0.092652185	-0.142021229	0.173067925	0.294238163	-0.169976605	0.360275995
-0.567550897	0.328332771	0.25071283	0.78807332	0.083247554	-0.138469989
0.286119467	0.375779355	0.252959224	0.501992477	0.679335795	-0.158239224
0.83583422	0.049582474	0.455166159	1.127479177	0.010074471	-0.206719712
0.299384057	-0.283799702	0.120689097	1.142767194	-0.14662542	0.502723863
-0.188864752	0.205041865	0.492409355	1.377586825	0.72075866	-0.092761831
-0.543081362	0.321906282	0.364448067	0.458544055	0.254193966	0.414665426
0.396558606	-0.347727805	0.066106042	1.559140835	0.388631987	-0.419694144
-0.492890182	-0.357098028	0.329043428	-0.030740087	0.194259758	-0.310372534
-0.516005601	-0.344567139	0.32942831	1.34031602	-0.452071367	0.367164984
0.61430463	-0.378336436	0.098530432	0.240476963	0.067391142	-0.102680168
0.614454409	0.279677974	0.008714159	0.210468814	0.055058569	0.39780191
0.092919356	-0.052723805	0.277594871	0.772026644	0.35423189	0.032645372
-0.115341804	-0.039452506	0.160901931	1.163931999	-0.041091155	0.347557824
-0.592294305	-0.436168303	0.016525818	1.304165923	0.718441216	0.019193834
-0.347497924	-0.063294027	0.358003802	-0.124319941	0.567818315	0.433608576
-0.005564341	0.420547351	0.429789748	1.339824399	-0.472350404	-0.260445257
-0.156255204	0.061111497	0.528136581	0.055114543	0.005422574	-0.070550144
-0.266665805	0.179866067	0.140596923	1.444017234	0.305460868	0.090827628
0.074393854	0.036956028	0.14303149	-0.292172215	-0.150838235	0.414259577
-0.242862822	0.130517164	0.435430035	-0.086009072	-0.154281863	0.010410615
-0.163228141	-0.028077356	0.000699	0.530447688	0.30955464	-0.386534017
-0.422216401	0.032639554	0.365362084	1.20304321	0.011059591	-0.224200517
-0.366787664	-0.158465203	0.025906578	0.448009174	-0.458083119	0.03160201
-0.459567371	0.206973366	0.173258724	1.532549262	-0.145806169	0.552156213
-0.053218277	0.348326227	0.418253892	0.24841205	0.149418542	-0.357920764
0.766386101	-0.079975609	0.525515682	-0.026498727	0.111647584	-0.381050372
0.419230994	-0.236505052	0.22417594	0.062694869	-0.349459676	0.603591387
-0.509425643	-0.105351772	0.132415428	0.585274115	0.752323812	0.000118356
0.119082854	0.092693567	0.449916136	1.077191099	0.239376499	0.373241558
-0.444518489	0.316674891	0.171171359	1.314366262	0.411812611	-0.144787041
0.522752367	-0.364971157	0.064126616	0.927865665	0.307714267	0.056134862
-0.137216735	0.001499386	0.414903787	0.140775163	-0.08560336	-0.310077972
0.494847945	0.48878276	0.369857199	0.174163305	-0.417497777	0.320142458
0.5411954	-0.281572249	0.523393036	1.551154693	0.410557678	0.374211526
0.771637913	-0.217642547	0.401040436	0.52777995	0.706450975	0.039334332
-0.442979235	0.140950024	0.105008144	0.28160827	-0.13999867	0.434487997
-0.060980574	-0.012310931	0.443780311	0.607359027	0.123474255	-0.03904705
0.624175925	-0.016209051	0.157056332	0.429986211	-0.259952574	0.25729347
-0.338101584	0.441338724	0.081635736	-0.265305859	-0.048523813	0.433813492
0.451238356	-0.419487023	0.344157111	0.018982951	0.324612585	0.56351146
-0.507717391	0.175612333	0.259498391	0.847320587	0.613078715	-0.313307221
-0.144236377	-0.38206009	0.370679735	0.095997715	-0.47818532	-0.087971068
0.684688179	0.176956639	0.428534573	1.146716984	0.669723774	0.182277006
-0.120352933	-0.424346032	0.053860604	0.818626374	-0.065351719	-0.437381978
0.498963782	0.060221526	0.087136604	1.199187994	0.377220597	0.367804929
0.377485225	0.159001598	-0.006780504	0.523454565	-0.204154373	0.202389889
-0.183730142	-0.163042323	0.254250346	-0.022769723	0.409044386	0.458318248
0.489935666	-0.425299388	0.08643198	1.399043958	-0.156060555	-0.345612702
0.503286142	-0.00808269	0.501960995	0.826068721	-0.051521373	0.597906106
-0.010337994	0.424654559	0.308299101	0.927154824	0.283812518	0.370705178
0.707486601	-0.302821869	0.394205704	-0.407564978	-0.46671957	0.009181286
0.201734929	-0.151454428	0.157545809	1.216545069	0.286180971	-0.271737038
-0.079237654	-0.251822697	0.512422381	-0.039924824	0.278895301	-0.185133702
-0.530269021	-0.01138015	0.429910737	0.72553515	-0.183450541	-0.048483838
-0.26563256	0.177044751	0.177617458	-0.383286148	0.352113527	0.210449393
0.246671071	-0.298468757	0.160247287	0.684164614	-0.053535755	-0.301425884
0.053570781	0.416793494	0.20194215	-0.2472155	-0.030253112	-0.395437205
-0.593400067	-0.034363321	0.494351756	0.441634863	-0.179810394	0.088447746
0.634214683	-0.418865605	0.353159639	1.485727378	-0.431580641	0.547045428
0.352886966	-0.310447646	0.287536861	1.206435154	0.166470217	0.01443514
0.264264751	0.346620603	0.123610892	1.388407974	0.443154935	-0.460336602
-0.062342695	-0.112643485	0.006358341	-0.297009298	0.717773619	0.154849004
-0.485193024	-0.17182756	0.144042071	0.118834695	-0.119892403	-0.205855076
0.176736879	-0.036588345	0.455609318	0.195254696	0.317571563	0.317175644
0.269653979	-0.273930391	0.076071859	1.420049207	0.726737238	0.544230659
-0.351716693	0.065628036	0.425921473	1.000448572	0.24192995	0.431843919
-0.292939909	-0.320258117	0.489462904	0.99922783	-0.313402602	-0.023828487
0.058996764	0.184615315	0.008474528	1.462771931	-0.484517182	-0.301044724
-0.50943864	-0.333564148	0.306256465	0.804058035	0.155987752	-0.408333519
0.44394946	0.001826396	0.291154584	0.416891742	-0.055413203	0.337252323
0.40297313	0.18168639	0.096513372	0.422023152	0.801698716	0.011024119
0.770648222	-0.423265711	0.435758222	0.313786956	0.710953214	0.141049024
0.181878782	0.228365319	0.105801982	0.85963301	-0.218393932	0.566994282
0.010692652	-0.158517268	0.286532643	0.214376917	0.62867883	-0.309464265
-0.25360768	0.333303717	0.368696175	0.771221934	0.739753732	-0.268040302
-0.2465361	-0.309190196	0.154619297	0.663120912	0.623540372	-0.451116857
0.859984599	-0.035787056	0.436502127	1.235145329	0.107600928	0.23556905
-0.383944425	-0.234636944	0.453353712	0.8476791	-0.324378876	0.603049131
-0.426155434	0.473840249	0.44675654	-0.243453385	-0.340671499	-0.256676445
0.046329204	-0.062682362	0.003764076	0.471959755	-0.454470948	-0.355604271
-0.260014322	-0.338549771	0.332408548	0.416680303	0.728117074	-0.425473997
0.170770782	-0.036971981	0.289799571	0.318443259	-0.136979016	0.246883862
0.44051001	-0.106772528	0.48545807	1.04889006	-0.171690982	-0.336250632
0.1771601	0.468419096	0.049703983	0.804457115	0.271219327	0.3125234
0.04235626	0.297386692	0.172944944	-0.076846253	-0.174658798	0.405904099
0.840912578	0.489106759	0.124036592	0.362835128	0.197808151	0.158162062
-0.563334602	-0.05733373	0.517062495	0.087427218	-0.414539295	-0.315733774
0.14982321	0.352956278	0.191470133	-0.285330738	0.723606032	-0.389936129
0.46848229	0.412122457	0.020122314	0.223109733	0.762704277	-0.02999913
0.024041369	0.289903716	0.300688055	-0.312492429	0.224056649	-0.267685487
0.667772476	-0.287253867	0.458127972	-0.20712096	-0.47542021	0.136141095
0.226445802	-0.202088476	0.453528963	-0.263392357	0.024501399	-0.25264662
0.400279779	0.212363633	0.395899114	-0.028831842	0.28117081	0.195451255
0.397082867	0.159404853	0.116842405	0.934602975	0.26699626	-0.100748162
0.289505978	-0.236082431	0.203143624	0.041419702	-0.280528401	0.257436814
-0.474725731	-0.396076489	0.517135805	1.111474128	-0.282018217	0.009492215
-0.420644182	0.128237359	0.41795802	0.502338605	-0.357772972	0.014254234
0.241877556	-0.091876049	0.290870799	1.046427332	0.35939548	0.363591089
-0.376708352	-0.227723228	0.454801498	1.447948438	0.204914521	0.420689008
-0.117826266	0.145675921	0.166419257	1.155722294	0.791045395	0.186018381
-0.025609883	-0.049882083	0.461990629	1.206206336	-0.183159815	0.370135061
-0.286088863	0.078254395	0.332731589	1.586243699	0.819623554	-0.454293657
0.702464803	0.349377612	0.096538179	0.928748895	0.491790681	0.153901441
0.257344584	0.127999632	0.108268378	0.391656519	0.325771397	0.50792661
0.54359392	0.245963478	0.495586988	1.171360737	0.045918629	0.120684809
-0.432239391	0.449911312	0.12331838	0.001059045	-0.18735227	0.560658249
0.779088584	0.457817938	0.429538949	-0.230010031	-0.003599238	0.230270042
0.473984903	-0.417687323	0.037315866	0.618415915	-0.241140819	-0.170130304
0.230174814	0.088473575	0.280491096	0.821252102	0.202298016	-0.220141544
0.553670452	0.366569761	0.484652014	0.222944589	-0.231912795	-0.070777888
0.538466428	0.399097815	-0.007941216	0.263967882	0.426142489	-0.314106883
-0.521837655	-0.298940518	0.486318292	-0.421790531	-0.49043956	-0.201116907
0.186346027	-0.32919693	0.299218632	0.439098041	-0.019044768	0.28309776
-0.378218229	-0.022717795	0.382894165	0.964211133	0.486964221	-0.009042406
0.589721378	-0.402516055	0.408638057	-0.16769642	0.812137014	-0.27098687
0.338913747	0.069026784	0.349093914	0.626317219	-0.052104315	-0.42581053
-0.470464074	-0.310554966	0.185998098	-0.196088042	0.113768351	0.140712127
-0.298605878	-0.293180398	0.445637372	0.314133138	-0.230256838	-0.431727916
0.027394479	0.460692811	0.30486432	0.436592149	0.275473622	-0.356525133
0.274072802	-0.266154218	0.29586731	-0.006310602	-0.068199198	0.227392298
-0.020836342	-0.260006072	0.264167766	-0.163851864	0.022212876	-0.168162942
-0.54905852	0.073104284	0.474406098	0.769750626	0.047210773	-0.147529609
0.643531868	-0.131149618	0.047036695	0.287147831	0.239262713	0.181110709
-0.367160964	0.047833719	0.314851015	1.378787932	0.312477612	-0.220251021
0.329769209	-0.136467018	0.349707377	0.584340588	0.692898112	-0.43525553
-0.201682667	0.257735274	0.008495762	0.653069135	0.211551658	0.057557218
0.409272741	0.335097002	0.181262953	1.184905297	0.794151254	-0.100208503
-0.566172979	0.230986268	0.054036208	0.913204154	-0.030801015	-0.438625949
0.135829759	-0.170986152	0.376914373	1.438534229	0.523072879	0.472051703
0.142176488	-0.428307481	0.411008098	-0.026076973	-0.114205789	0.303142977
-0.280310916	-0.31545266	0.473558876	1.516560106	-0.396946479	0.514448696
0.087360999	0.301653252	0.309026198	0.654781245	-0.475689466	-0.353412994
-0.59778372	-0.229531277	0.485131183	0.932450493	0.650724328	-0.287403623
0.043892875	0.167842427	0.062608633	1.291876215	0.178636932	-0.129789621
0.331647048	0.014471467	0.003200644	0.596427941	0.607927059	-0.086408294
-0.38999148	-0.029959989	0.105761923	-0.270194742	-0.029266468	0.448232833
-0.205066372	-0.056201467	0.481593976	1.371221209	0.629940114	-0.204381661
0.695964144	0.394557095	0.296269263	1.121195495	0.774967545	0.558289223
0.739622529	-0.201904159	0.165849284	0.768288186	0.459206375	-0.281981236
0.581159507	0.40122152	0.22754061	0.173890744	-0.370864317	-0.199509544
0.511535671	0.098974512	0.115250372	-0.291944583	-0.041244089	-0.161639727
-0.608775623	-0.0167491	0.28758524	0.400477768	-0.175510248	-0.051476483
0.434475508	-0.325537366	0.258044247	0.932692909	0.340438527	0.489441766
-0.301284444	-0.212435156	0.484488726	1.350625356	0.512067344	-0.418647479
0.730022672	0.016744988	0.233960705	1.542152474	0.078868235	-0.3267259
-0.260982745	0.192771287	0.305450018	0.950907962	-0.095167857	-0.201306131
0.68179224	0.211328679	0.514403138	1.373275481	0.601047245	0.115913932
-0.200337997	0.41421419	0.124489412	0.936380441	0.508866262	0.186606004
0.757053198	0.334528044	0.115557638	1.265262022	0.537381228	-0.271426951
-0.344164691	0.257884492	0.245185106	-0.153354504	-0.038123637	-0.417015494
0.047056261	-0.09607738	0.455126348	-0.008679809	0.437764421	-0.380633194
0.566336815	0.181508315	0.123462153	0.486317483	-0.455439254	-0.458796951
0.210065068	0.092571546	0.298450705	-0.156213678	0.710147113	-0.017150681
-0.574330799	0.189973228	0.232617282	-0.29630429	0.297067847	0.280047011
-0.281841509	-0.382802614	0.239662313	1.603608624	0.628576206	-0.114452413
-0.580361729	-0.394815379	0.073044505	0.483508175	0.556514681	-0.378417936
0.778093567	0.295007104	0.405411721	-0.117857285	0.774754139	-0.4031903
0.661828785	-0.182692578	0.454116612	1.407824938	0.184871213	0.400096336
0.862660704	-0.206752062	0.231532181	0.146437034	-0.06672756	-0.273787802
0.376730108	-0.187367867	0.443312829	-0.412071777	-0.103992073	0.417421067
-0.089044458	0.23811875	0.443244357	0.208366566	0.788305955	-0.34573055
0.786769648	-0.356077901	0.212208894	0.404788845	0.50906917	-0.089557764
0.657658321	0.290769725	0.530872724	-0.183266609	0.071391902	-0.159236171
0.26281583	0.361383364	0.154693931	1.118773274	-0.393175323	0.193890165
0.146005984	-0.382732291	0.508432805	0.683463399	-0.166856247	0.218837218
0.370388661	-0.223809017	0.00922723	0.269955684	0.358254511	0.354693153
-0.280393704	-0.079470508	0.361348642	1.533203156	0.817782319	0.077109813
0.2397173	0.487327548	0.120976108	1.453166218	0.382273312	-0.380996554
-0.601409548	0.237313286	0.201091113	0.707056068	0.450729976	-0.066684106
0.81539589	0.212617663	0.343393231	0.872674727	-0.208039023	-0.097718609
0.053993306	0.387997419	0.403429843	-0.403840005	0.810668488	0.299252578
0.081332693	-0.265222477	-0.002756659	-0.345463254	0.00151675	0.380506847
-0.190882009	0.332281227	0.164601342	0.722272693	0.469949502	0.215018614
-0.317338597	-0.163039467	0.075137474	0.256745112	-0.419210652	-0.417774741
0.001778824	0.176252628	0.088210567	1.012726477	-0.325470131	0.222544206
-0.1030321	-0.135320216	0.31242009	0.535735439	-0.047109027	0.027537404
0.301672226	0.002809188	0.431685646	-0.229239548	-0.381525187	0.566079512
0.628475351	0.323265985	0.26693614	1.170288982	0.408638687	0.414228525
0.106520589	-0.083049123	0.094215811	0.521607796	0.310491867	-0.470780875
0.640526558	0.043346927	0.443201105	0.913484585	-0.272557772	-0.151007578
-0.028821163	-0.357040373	0.022696493	-0.193855167	0.548741683	0.152689559
0.386381635	-0.378254418	0.47042163	0.277306679	0.752815217	-0.449822487
0.642431826	0.336860105	0.022660475	0.990614966	-0.346678724	-0.143716355
0.071338412	0.418869099	0.383513487	0.019439392	0.280035485	-0.058613026
-0.140049929	0.115144713	0.039568493	1.468347039	0.015833502	0.007190259
-0.446078656	0.363655167	0.050132398	0.86195053	-0.023062731	0.452160319
-0.074245312	0.29077688	0.332595455	0.261450205	0.056700034	-0.467004262
-0.198352066	0.052333907	0.056594214	-0.35471593	0.520590588	-0.439191571
-0.313918059	-0.285942456	0.273114173	0.905825115	-0.060027701	0.192544765
0.215678847	0.027438059	0.309946636	0.64291292	-0.495132382	-0.08301506
0.424308741	-0.318175371	0.461666754	0.670885378	-0.25016699	0.293513419
-0.526226992	-0.155786346	0.261060553	1.571168009	-0.178173348	0.26966346
0.61493414	-0.011423116	0.346053184	1.161196795	-0.017966033	-0.411956377
-0.367948921	0.0036621	0.290470461	0.20878326	-0.24918833	0.194134294
0.688957019	-0.085150088	0.02725106	1.244460725	0.609997991	0.097955762
0.327448048	0.148155357	0.349913151	0.272448347	0.223969824	0.067659855
0.569179916	-0.122878307	0.2560632	0.059612402	-0.078773408	0.02612949
0.82675735	0.027585587	0.346053927	0.831842627	0.642488206	0.296276688
-0.330032338	-0.183579932	0.373505607	0.967061752	0.464193299	-0.244975522
0.82920343	-0.442230275	0.512164677	0.908783237	0.266846272	0.414008826
0.466130045	0.052842029	0.085887769	1.53547978	0.612123752	0.352678601
0.224684084	-0.41173227	0.126801312	1.036008993	-0.053600334	-0.463301034
0.031724775	0.171235452	-0.010589456	-0.285007796	0.294480412	-0.455485852
0.767596642	-0.26851937	0.427705712	0.751910567	-0.310127417	0.066430075
0.128094592	-0.263198926	0.418984439	1.253287967	0.539932232	0.029460594
0.856309458	0.341618549	0.024716844	-0.117079496	-0.402190581	-0.322717414
0.340324101	0.126701549	0.281623781	-0.047951735	-0.474227829	-0.466360671
0.565463196	0.253938328	0.001150626	1.024613809	-0.100909528	-0.102025138
-0.227995501	-0.273849217	0.523591844	0.669082891	0.544879264	0.505398779
0.548501891	0.120257988	0.060349319	0.13639021	-0.026594926	0.413846398
-0.447041191	0.004363542	0.192174798	0.812910433	0.13856546	0.591903549
-0.327506553	0.297692396	0.219447226	1.276886483	0.347068389	0.259683927
0.086704668	-0.279830262	0.22098839	-0.05754756	0.311633405	-0.350735292
0.297828407	0.201473498	0.27277662	0.244448985	-0.159052495	0.035981099
0.342194456	0.13299287	0.045060607	1.130730271	0.62313117	-0.235190088
0.269496154	-0.200165403	0.269214597	-0.100071328	-0.237096975	0.592336568
-0.193277159	0.018568004	0.072709527	0.411467937	-0.166564118	-0.28966867
0.71087494	0.140723225	0.142032829	-0.154976151	0.791384922	-0.025499577
0.748294511	0.111902403	0.351289938	-0.1110299	-0.23354989	0.0074775
-0.446101202	0.230375962	0.052243141	-0.369787518	0.073689031	0.600285162
0.674884826	0.470815788	0.331022594	1.542861809	-0.236047297	-0.432952787
-0.10668663	-0.081131617	0.3345908	1.542902308	-0.142553652	-0.235733587
0.384684854	0.375333311	0.148926896	-0.255747872	0.733487213	-0.272416024
-0.51341511	0.190929342	0.317709916	1.520934703	-0.437088243	0.044317254
-0.135418801	0.052642965	0.280878766	0.830511605	-0.012594744	0.206702696
-0.494110625	0.396566061	0.146654441	-0.171225725	0.724986492	0.099380771
0.02380763	0.059994162	0.29214462	1.306355551	0.084667827	-0.332282736
0.616529152	-0.150608387	0.465558933	-0.072415182	0.240032997	-0.103116835
-0.094981966	0.223076667	0.207438995	1.272227322	0.164589235	-0.424106812
0.338363066	0.161978776	0.199740388	0.537662883	-0.492894173	0.476878498
0.476293866	-0.288443538	0.452453653	0.323497349	0.205721515	0.084859289
-0.286993967	-0.143965094	0.089022028	0.485441733	0.379473064	0.469615338
-0.002153221	0.239591337	0.415300984	1.032023209	-0.211586104	0.495933545
-0.066510208	-0.384006239	0.326892989	1.486786266	-0.209399257	-0.024025008
0.670093474	0.085739644	0.235309881	0.465945475	-0.101800743	-0.245954551
0.480204162	-0.400626143	0.352372785	0.085970757	0.747238383	0.257131923
0.077596062	-0.009006256	0.046463598	0.31322838	-0.150360685	0.009547915
0.27415861	-0.230871551	0.059250202	1.145827557	-0.069808283	0.617782222
0.35329217	-0.050429849	0.391846563	0.3130335	0.011549253	0.202449353
0.294581858	-0.236862443	0.380538844	1.262100206	-0.20362359	-0.106982127
-0.401790128	-0.175570148	0.061975213	1.32543734	-0.078013667	0.195517835
-0.164601959	-0.09289657	0.082562159	1.367628304	0.373574508	-0.061489901
0.25165557	-0.139034148	0.485426869	1.06692964	-0.252485292	-0.256550685
-0.075464302	0.38841015	0.528710483	0.850551451	-0.183608437	0.023050158
0.541622398	0.172064771	0.081967421	0.437804432	-0.015359238	0.127524436
-0.049831338	-0.372283574	0.058462699	1.473310414	0.096395159	-0.025024048
0.280759574	-0.03431424	0.484708395	0.642211922	0.50848296	-0.053813261
0.193090324	0.14451618	0.185440377	1.348604708	-0.391639885	0.037257552
-0.290147181	0.260063885	0.134311095	0.2124473	-0.162299693	-0.107597137
0.479325414	-0.06787467	0.44630131	-0.273992859	0.797035611	0.560611968
0.313379113	0.464898427	0.204883222	1.574916917	-0.216819285	-0.35631194
0.213640151	0.293247088	0.28963153	1.061387114	0.25787014	-0.082782814
0.381742139	-0.298032165	0.284753332	1.013813254	0.406612886	-0.399080657
0.720287206	0.242144906	0.513175494	0.948399435	0.042259076	-0.338016628
0.354392822	-0.350889003	0.457298219	1.106096878	0.000844597	-0.468698905
0.23832395	0.446329211	0.085294854	0.815843497	0.182953585	-0.412162262
-0.328146395	-0.262435222	0.397145155	1.335032543	-0.366219321	-0.1151528
0.808882703	0.180277827	0.036748327	0.909312487	-0.276168003	0.053648843
0.227604398	0.261431324	0.525535	1.035773047	-0.104848967	-0.134744214
0.180797928	0.159293783	0.229673403	1.461441702	0.355163996	0.204882517
0.149261745	-0.366762786	0.04722481	-0.314779959	-0.309570774	0.264104244
-0.482122535	0.299299184	0.003982207	0.491937844	0.495177467	0.394459203
0.682212793	-0.314298748	0.486172938	1.057223356	-0.028159901	0.432385549
0.728989219	0.065549097	0.188785193	0.388643228	0.33366534	0.454383084
0.595970118	-0.401913374	0.040093833	1.272121692	0.76793981	0.212824634
0.668915455	0.105914775	0.273114218	0.121549426	0.270843138	-0.23277633
-0.160410437	0.14319444	0.288084439	0.13440529	-0.233009626	0.036708396
-0.437954388	0.001805371	0.08306637	0.618279797	0.748338953	-0.170164497
0.179959222	0.393864121	0.085122886	1.111174209	0.79136837	0.45455887
0.168649308	-0.370221963	0.296376594	0.99320599	0.578200982	0.25484376
0.59066528	0.398899521	0.245172743	0.435883975	-0.290746556	0.51118069
-0.090636419	-0.063127301	0.46099885	0.940053043	-0.233717998	0.050842636
0.19400277	0.146832705	0.48540164	-0.266202298	-0.090715561	0.173465466
0.858858292	-0.216208104	0.133754395	1.138505166	0.629153901	-0.327760006
0.09534694	-0.022331745	0.356373512	-0.31356262	-0.359110346	-0.358618156
0.748250754	0.169891512	0.453033922	0.562780495	0.349251531	-0.261303028
0.862598344	-0.208742688	0.341340362	0.687143044	-0.276447869	-0.231092913
0.278197819	-0.138014383	0.240292676	1.487099385	0.570243711	0.366071309
0.608751243	-0.340807784	0.300364059	0.095838575	0.315696187	0.536129923
0.342086321	0.323561131	0.074913318	0.774992084	0.342367871	-0.281944697
-0.04132447	-0.389928718	0.25004541	0.647900042	0.296384328	-0.125514385
0.093291352	0.273677942	0.496454852	1.412912725	0.295857496	-0.356058328
0.7830029	-0.37701414	0.38168673	0.574346465	-0.159281084	-0.195484052
0.017538489	0.051295709	0.151027145	1.48666183	0.800834204	0.417179088
0.509849073	-0.188677546	0.127801601	0.691398232	0.745939301	0.259508048
0.21403365	0.295950477	0.124546117	1.08044329	-0.123660564	-0.023098247
0.167476713	-0.393614355	0.294061356	0.120511922	0.296124954	0.145544273
0.036222237	0.216179728	0.407344605	0.557592928	0.626682733	-0.076530805
0.378949944	-0.284596521	0.304385281	0.800158777	-0.315492717	0.435975079
-0.391501831	0.308235845	0.110677679	0.786801704	-0.185689594	0.425302517
0.832113591	-0.362238442	0.412991134	0.988148168	0.733694306	0.464571331
0.659510168	0.001064108	0.251863978	0.851123116	0.190347409	-0.442986953
-0.506615201	0.096050197	0.123753465	1.335698451	0.373405192	0.435768739
-0.18388011	-0.057533825	0.012898659	-0.392776665	-0.136278577	0.449043567
-0.318275884	0.134129649	0.30035008	0.646207044	0.233304825	0.243543363
0.384075469	0.411293196	0.287347665	1.317974284	-0.083723924	0.225805412
0.112886572	-0.049987335	0.127956194	1.107854183	-0.192949097	0.312332398
-0.367124933	-0.166620868	0.363835706	0.879454837	0.320766795	0.610281127
-0.242029082	0.334059741	0.219321516	0.041590412	0.095896936	-0.125172017
-0.230721262	-0.276645603	0.386539848	0.263504061	-0.47484344	0.34209006
0.353908076	-0.208408416	0.204140311	1.423539409	-0.110038752	0.579750704
0.493641769	-0.270829912	0.405798594	0.500566254	0.76208768	0.402748061
-0.46519982	0.057901322	0.350038399	0.409501541	-0.118623744	-0.017204483
0.684173376	0.266668824	0.427939412	0.074094695	0.089214849	-0.448871173
-0.378259666	0.111659129	0.323954376	0.575801656	-0.398937831	0.622004107
0.726328067	-0.428123924	0.024707207	0.653940935	-0.03287003	0.011537887
0.477062961	-0.040276109	0.493140678	-0.164379401	0.610700673	0.386319007
0.610211871	0.260886552	0.363572658	0.253462073	-0.037553413	0.248491788
0.141902457	0.241128487	0.081873312	-0.217447758	-0.26075991	0.196647705
0.446422241	-0.433013495	0.378934813	0.26484057	0.339488921	0.54969207
0.212708107	0.411989906	0.08731134	0.226168933	0.371763703	-0.146494297
0.301639203	0.231194571	0.227798613	0.267730467	-0.062966555	0.228553733
-0.035857764	-0.07386635	0.497982846	0.014141904	-0.500164457	-0.212241587
0.262717923	0.476761534	0.303145386	1.398767199	-0.043219899	0.204829492
-0.572560539	0.165296759	0.177666079	0.309563224	0.765017563	-0.401123991
-0.49201301	0.120294391	0.21464998	1.29480592	0.192011701	0.054990662
0.22120936	-0.068881187	0.322090781	-0.383548647	-0.284325151	-0.241072255
-0.031145431	0.118686737	0.309915717	0.077040855	-0.035540066	-0.314035459
0.697050393	0.059417141	0.140085933	0.039035265	0.74420695	0.247847194
0.763221467	0.40070564	0.213649878	-0.410047106	0.733940687	-0.450703933
0.593011329	-0.072089623	0.44186565	-0.27940318	-0.164225918	0.358589299
0.705796867	-0.159154775	0.216430461	0.529155801	-0.252008338	0.495033485
0.323658397	-0.167216155	0.526642244	-0.191568391	0.245847159	0.509376445
0.260053073	-0.413342675	0.4092924	1.144717887	-0.299290934	-0.380106274
-0.21793074	0.269755765	0.130276146	0.725532588	0.801121937	0.581881781
-0.608006691	-0.307824317	0.449339645	0.787328535	-0.214408438	0.369677682
-0.371398067	-0.152510406	0.018620379	0.214299634	0.068576942	-0.301584978
-0.305600143	0.47327859	0.198214248	0.717612635	-0.388108326	-0.147349746
0.711261073	-0.340838742	0.266204881	0.383532148	-0.228274679	-0.373471101
0.465357773	0.086251877	0.051352474	-0.004146402	0.658457587	0.205307951
-0.167960844	-0.170594396	0.255995159	1.094786255	0.612777177	0.279985859
0.043819396	-0.24167624	0.211357734	0.262145544	0.456272943	0.280142149
0.834340281	-0.138260133	0.156454697	1.143111017	0.153099656	0.054173908
0.357593244	-0.404098622	0.41655303	-0.030704504	-0.166924744	-0.407521464
-0.249182458	0.453583028	0.330124816	1.126784289	0.555325044	-0.061271189
-0.010147303	0.10928872	0.177550358	-0.396394492	0.208923173	-0.461472239
-0.097903679	0.377986609	0.131978703	0.610868045	0.305364818	0.270936499
0.197553061	0.03662703	0.402366613	-0.399682123	0.214426796	-0.002805696
0.838692433	-0.125491878	0.508038882	0.522019743	0.511209295	-0.330623697
0.274948567	0.149875367	0.135178881	0.351861497	0.701861525	0.422306649
0.544403685	-0.435485108	0.309597678	0.687181958	0.574686654	0.59900401
-0.189945387	-0.127612028	0.088439486	0.736289313	-0.491286983	0.571835674
0.458818917	-0.152049953	0.256270187	1.288654016	0.12747663	0.08666474
0.607496381	-0.216918626	0.370525063	1.481273451	0.371888528	0.231873667
-0.247200211	-0.270434393	0.512599755	0.977526455	0.561570007	0.450344532
0.59271465	-0.411627223	0.430122345	-0.388655578	-0.297402239	0.089336664
-0.269091519	0.00990584	0.247183264	1.182448781	0.261077118	0.480938344
0.628559821	-0.252085975	0.373141418	1.47178708	-0.017671902	0.020920974
-0.231858584	-0.07673464	0.032198542	1.341668108	0.384630522	0.614568851
0.821891296	0.288837176	0.328691501	1.026645116	0.306490224	-0.456645462
-0.174478244	0.087197676	0.049714921	-0.346229929	0.447793279	-0.319250052
-0.274748942	0.075150785	0.026099758	0.009863882	-0.14235692	0.319675906
-0.38819017	-0.185006151	0.398508695	-0.426842704	-0.174692598	0.110858296
-0.299634281	0.153542582	0.356789029	0.199792508	-0.124054864	0.192928638
-0.308891205	0.478804906	0.145003589	-0.25015134	-0.236681633	-0.153296694
-0.614068269	0.016979836	0.370382118	-0.16264476	0.041694566	0.223478281
-0.044528308	-0.419406627	0.475803434	0.55053429	0.242436296	0.133529328
0.108148893	-0.280514811	0.235297103	0.389966063	0.122314964	0.507137033
-0.49916998	0.308555015	0.335601875	1.381680108	-0.422452395	0.134168048
-0.433082246	0.21562073	0.00244375	0.917219275	-0.173466595	0.228752757
0.01912423	-0.07783433	0.086587591	0.222453973	0.416816458	0.314318002
0.072246634	0.032579193	0.35542102	0.195063499	0.05193274	0.181109668
0.68917949	0.397125913	0.043231979	1.52499741	-0.423203922	0.183089974
-0.578129406	0.01396341	0.118193939	-0.196243173	-0.053815635	-0.263815364
-0.436914964	-0.389898007	-0.006042104	1.328863013	-0.452069286	0.536675861
0.515442065	0.063164188	0.030097542	-0.347134546	0.825602266	-0.354343326
0.374283877	-0.005031239	0.035872504	1.138210062	0.441091562	0.166274365
0.735097893	0.193965361	0.42001066	-0.176411036	0.700071682	-0.296132139
0.228354048	-0.271391664	0.355066904	1.183318724	-0.014594316	0.356499422
0.275934434	-0.101254775	0.283396512	0.343482161	0.003842509	-0.197260304
0.075836148	0.460470303	0.228002204	0.066158585	0.094171019	0.578584356
-0.010420699	0.131689196	0.167964667	-0.31421485	0.795081862	-0.382094883
-0.105333683	0.048598214	0.18902314	1.088574173	0.607515486	-0.36939417
0.290361022	0.171159885	0.085838156	1.098683225	0.442741241	-0.143444962
0.544783394	0.216292109	0.046714101	0.837468321	-0.095811937	0.448062573
0.762182624	0.002606841	0.216672548	-0.099698407	0.507920846	-0.306086529
-0.467774612	-0.099001677	0.474259762	0.766629961	-0.031304283	-0.02474572
-0.496632274	0.426139712	0.099659214	1.307352882	-0.058157403	0.510221404
0.312826078	0.185762093	0.013363896	0.647858802	-0.253146819	0.434504434
-0.610993606	0.331310642	0.286003898	1.025092813	0.183213753	-0.289724012
0.461280261	-0.397775857	0.528882073	0.403221807	-0.399598855	0.577469912
0.688379339	-0.223084756	0.367802246	0.208721481	0.125111069	0.123205494
-0.084111288	-0.319366113	0.527848622	0.376486446	0.496688135	-0.290199134
0.133913017	-0.012545631	0.436427018	0.169025529	0.353022212	-0.243191965
0.193398707	0.231742835	0.316931206	-0.09617946	0.381221641	0.141902629
-0.577011428	0.154343046	0.155748303	0.263273922	-0.416127723	-0.340834615
0.862083129	-0.124045288	0.084147301	0.990723101	-0.218066693	0.480912151
0.665306647	0.406488737	0.242929107	0.508653263	-0.214294665	-0.331666132
0.321277826	-0.004507743	0.47381281	0.149356264	0.345800268	-0.318625436
0.502855318	-0.158515581	0.033486441	0.087487567	0.318561533	0.216769233
0.298556816	0.013073041	0.054393798	0.853299884	0.77346907	0.137498347
0.148853005	0.200615595	0.127677311	1.408727955	0.166682913	-0.196787678
0.566458421	-0.32849922	0.527705325	0.513440422	0.339011783	0.540360914
0.452226598	0.270561353	-0.013683128	1.443729833	0.522605112	-0.047782391
0.289370513	-0.322927045	0.467732884	1.471881373	0.33431837	0.102648718
0.358939213	-0.353017858	0.513471815	1.166843878	0.022229927	0.193865909
-0.587460791	-0.37643875	0.023325945	-0.337356445	0.739874469	-0.260051751
0.628642369	0.034222614	0.290187505	0.037466957	0.569119826	0.129659756
-0.294757239	-0.220992045	0.390665827	1.02691799	-0.328963614	0.17256944
0.749848452	-0.25090607	0.524639192	1.417143718	0.572130085	0.176661928
-0.070605471	0.272595828	0.201772451	0.932471891	-0.275980848	0.591358
-0.010270815	0.031572944	-0.013983872	1.206095654	-0.335591816	0.072440953
0.377592265	0.250975434	0.244537145	0.176023658	-0.174293192	-0.273054798
0.172908625	0.421809032	0.495033545	1.060079651	-0.108610268	-0.24106765
0.077200088	0.119364485	0.024890814	0.929543518	-0.494485636	0.246695729
-0.207903065	0.157825571	0.178058466	0.041659526	-0.019514633	0.606532092
0.321057524	-0.213670756	0.32822561	0.047708976	-0.05423702	0.503251804
-0.342746241	-0.167417899	0.080764729	0.149724518	0.827256346	0.438822508
0.391770312	0.263045688	0.132096109	1.157959556	0.289304311	0.191856396
0.631137481	0.461849413	0.165049672	-0.249656097	0.162493757	0.491329295
-0.465411395	0.441955676	0.137484994	0.133163619	0.159441344	0.294627367
0.368822386	0.069417073	0.510102651	1.496670177	-0.436971312	0.099142504
0.187644975	0.424925346	0.401227343	0.128505249	0.366868829	-0.438367666
-0.046607304	0.012591111	0.164032932	1.415771301	0.797089258	0.530831813
0.573885406	-0.140684574	0.451864069	1.032025851	-0.212145377	0.243094365
-0.104417342	-0.264618313	0.467887618	-0.023189303	0.572865952	0.40588243
0.257602559	0.47105254	0.385166902	-0.263961808	-0.299480569	0.289265529
-0.100218294	0.368143803	0.114645903	1.553792302	0.724907355	0.53008054
-0.543358098	-0.147822192	0.468562528	1.471827754	0.199286817	-0.292023705
-0.507016881	-0.388289472	0.314176304	0.70629386	0.780863972	0.113944775
-0.288058962	0.416120819	0.44598509	1.567292454	0.141646912	-0.012478477
0.114368443	-0.329701084	0.104945872	-0.119660718	0.071359909	-0.060096573
-0.178431219	0.405676714	0.140754395	-0.244666791	0.461802373	0.429467961
0.538968651	0.195507686	0.279179721	-0.261999938	-0.216680643	0.054600638
-0.04050994	0.08060831	0.29483771	1.328509563	0.251909307	-0.293087857
0.264500071	-0.406274761	0.33040282	0.995952429	0.326621024	0.486381763
-0.532164378	-0.409893891	0.413514156	0.530625432	0.478853385	0.448603755
-0.458814147	0.186006466	0.217061906	0.4403839	0.101362554	-0.139519692
-0.252859158	0.297568957	0.463151512	0.997081149	0.678713214	-0.324947789
0.564415146	-0.139907584	0.46666742	-0.145629629	-0.168597758	0.072941945
0.173614232	-0.280983609	0.459823605	0.76116372	0.253168199	-0.404236731
-0.535565668	-0.289871625	0.185879125	-0.083620548	-0.023745994	-0.396046118
0.691510748	0.002833119	0.213941071	-0.069886391	0.166280028	0.210998422
0.561444996	-0.048232532	0.164494568	0.289600326	-0.031509474	-0.081757558
-0.50558332	-0.242545081	0.279584511	-0.382796053	-0.359921586	0.575081547
0.869364186	-0.356319092	0.503495407	0.442260144	0.015270494	-0.178196532
0.648793718	-0.217631244	0.43697866	1.044538551	-0.087761488	0.511754315
0.192313389	0.395644465	0.388360365	-0.337256935	0.768067504	-0.424871299
-0.007814291	-0.091425272	0.453233081	0.703976501	0.087525572	0.077718552
0.743384712	-0.200732116	0.013051814	1.424222393	0.500172184	-0.390019905
-0.051623823	-0.251674043	0.364832716	1.148416236	0.814110792	0.129728779
-0.231640647	-0.011893957	0.286009504	0.92005527	0.525957332	0.592916437
0.349955857	-0.031438897	0.110771058	0.4474891	0.578904141	0.114353236
0.870265327	0.012247005	0.474598729	0.638047758	0.705178325	-0.106248038
-0.412806752	-0.274190554	0.198060807	0.230277029	-0.319642816	0.382680895
-0.507672561	-0.036212992	0.014014479	-0.274086426	0.490108053	-0.247387816
0.840836276	0.030772476	0.354285576	1.0400548	0.299481034	0.545012513
-0.45422056	0.321887914	0.163477506	-0.360831367	0.19817663	-0.435668778
0.072973424	0.017633552	0.241838355	0.819716166	-0.319529065	0.360845149
0.870539763	-0.065821917	0.017426382	1.368380735	0.159266174	0.232404684
0.825993112	0.194301839	0.216861856	-0.313406732	-0.126844752	0.402279375
-0.265940599	0.130879541	0.27602344	-0.132670684	0.598922376	-0.188853251
0.01173184	0.201879427	0.115760568	-0.126081937	-0.079985169	0.517597127
-0.545849811	0.324404884	0.46495744	1.138601398	-0.010293374	-0.314709168
0.694617356	-0.391877554	0.45192669	0.755772696	0.306641508	0.596136686
0.119086173	-0.037013281	0.457282523	0.50803732	0.770774847	0.296922328
0.34712887	-0.017973178	0.423852127	1.419265126	0.016350817	0.262031767
-0.220760984	-0.133424803	0.447741745	0.566973484	0.30134738	0.305952417
-0.453077	0.251217221	0.357340246	-0.172086081	0.377333091	0.082106634
0.845828283	0.058443161	0.13897096	-0.249131204	0.716034801	-0.431926149
0.852752531	0.200902849	0.034870166	-0.008617995	0.704727135	0.541963337
-0.033541295	-0.338470979	0.2807845	0.282298395	0.246244624	0.367634633
-0.611592753	0.478082487	-0.009823063	0.399082297	0.616041006	0.007025223
-0.179059956	0.071428791	0.230434569	1.399730331	0.286776758	-0.257713748
0.851416124	0.227933152	0.115758258	0.541389857	0.770252432	-0.129806775
0.223111004	0.487724074	0.263171908	1.459948304	-0.493147383	0.604728072
0.578697862	0.107555972	0.09288576	1.474761302	-0.005685817	-0.149514543
-0.376309317	-0.396140763	0.359103963	1.117227071	-0.300879702	0.401075052
-0.520889143	-0.134031539	0.284398833	-0.146342767	0.811072522	-0.107477861
0.595215987	-0.167951431	0.447607403	0.423130937	0.040825543	-0.468647754
0.013249731	-0.036116036	0.05178377	1.49473675	-0.439705565	0.241692453
-0.35345777	0.410441952	0.049236853	-0.301499159	0.021335915	0.41634537
0.051477303	-0.047547503	0.272771315	0.8600419	0.602553817	-0.271487047
-0.501767831	0.351407116	0.098174114	1.438513099	0.735351124	-0.229800035
0.801982095	-0.228135144	0.043481719	1.524719549	-0.323171608	0.556193894
0.078479962	-0.227881633	0.510560552	-0.42770915	-0.196835482	0.188373601
0.651741989	-0.26992633	0.348401577	-0.083159671	-0.150151626	-0.182458685
-0.542008399	-0.072893198	0.111559819	0.771471753	0.423758922	-0.082164972
-0.525733005	0.002475894	0.231696841	0.823769794	-0.032867974	0.290885218
0.769874947	-0.420600635	0.127732561	0.330585459	0.462290775	0.17963985
0.116166147	-0.19359848	0.326599317	0.336582872	-0.227209118	-0.167739382
-0.047682853	-0.046435636	0.069989299	0.814345282	0.748416025	0.143845455
-0.101000868	-0.435389776	0.101547219	1.384236629	-0.293286759	0.383654793
0.260320829	0.142354272	0.003956206	1.500909979	0.247057869	0.584630457
0.719727867	0.234871653	0.218847929	-0.338660694	-0.180568633	-0.443557415
-0.220888996	-0.423217808	0.048140342	1.368295031	-0.361903743	-0.183153131
0.103734883	-0.313039387	0.443385179	1.258369888	0.493189674	-0.094251764
-0.531218484	0.456096615	0.221562849	-0.322526978	-0.030326856	0.198852978
0.400244447	-0.425966451	0.412356223	0.406922708	-0.06154332	-0.409170337
-0.59058831	-0.437524352	0.4813625	0.75006818	-0.304938785	-0.412373737
-0.535767849	0.320519284	0.060197207	-0.093564721	-0.421701128	0.147303484
-0.322562239	0.352899277	0.308793576	0.648905633	0.012334566	0.218240908
-0.446555029	-0.159461279	0.211203728	0.107498601	0.002316859	-0.414094373
-0.228877426	-0.142761696	0.224969647	-0.408657395	-0.072097341	-0.289217442
0.741837528	-0.113343054	0.431879168	0.343430422	0.782895373	0.150002602
0.460298749	0.061223777	0.016781932	0.159243079	0.065379689	0.573984479
0.068508694	-0.349350912	0.18901987	-0.258851104	0.647145546	-0.312151588
0.585363353	-0.18276556	-0.00801744	0.463631539	0.612964378	-0.132840922
0.510269466	0.28457976	0.491924275	0.592894236	0.800706536	0.247531306
-0.094292924	0.190778084	0.238217513	0.699885285	0.234818333	-0.389571407
0.372978688	-0.248044535	0.344241671	1.042949319	0.777196041	0.410252099
-0.007308772	0.272834539	0.496171097	1.315741569	-0.38950168	-0.234609095
0.714293991	-0.420337746	0.408143946	0.763995574	0.558292991	-0.350628589
0.182831119	-0.208228812	0.336917921	0.469932216	0.366226376	-0.444963321
0.255168109	-0.005073507	0.468633267	1.07217438	0.27572047	0.287170024
-0.237907202	0.072329936	0.373485351	-0.362940269	0.124549356	0.441046053
-0.600153196	-0.306434762	0.268401513	1.086325468	0.418792759	-0.234395465
-0.041079677	-0.021836943	0.21043986	-0.13111834	0.367655362	0.487936938
0.608832158	0.411276259	0.060398775	0.744031752	-0.014030477	0.604135658
-0.050522147	-0.024842325	0.362159331	0.303324985	0.11985239	0.100715074
0.307733332	0.286593064	0.049321497	0.49869071	-0.476931144	0.57128802
-0.385520324	0.233410146	0.349794577	0.228636652	0.776484122	-0.456147866
0.081717327	0.334022463	0.111560627	1.063504394	-0.376487511	0.350720642
0.014013332	0.207755798	0.480823452	-0.366786686	0.470900539	-0.363795729
0.307981934	-0.42036308	0.502583936	0.167583127	0.626580305	-0.232917268
-0.549334634	0.428976971	0.368756448	0.904383753	0.240968063	0.173313993
-0.388570291	0.098353738	0.139046954	1.070679127	0.266259738	-0.013367755
-0.134833071	0.181535968	0.516041598	-0.369195119	-0.088379801	-0.230948588
-0.428549945	0.337507134	0.361034103	1.185039849	-0.477837043	0.454696316
0.654648543	-0.13745304	0.083040453	0.432977078	-0.059515609	0.290563456
0.660595699	-0.006532244	0.511879127	0.147700966	-0.278547366	-0.100329025
-0.264990649	-0.145194403	0.167819937	0.887384422	0.540177042	0.531627539
-0.206040531	0.101374136	0.164080321	-0.299616933	0.01189523	-0.132874609
0.620912727	-0.229337031	0.117242843	1.458054331	0.377284845	0.322299301
-0.159950036	0.258871653	0.121729948	1.439560191	0.432039661	0.363463154
0.462220988	0.484317161	0.031575784	-0.000371865	0.671514762	-0.074974889
-0.145969486	-0.045383483	0.027089665	1.021199087	0.061910634	-0.392122564
0.758126545	-0.171766618	0.354950331	1.555591832	0.365895393	0.62059586
0.815543824	0.12961892	0.513410312	0.974611417	-0.210070625	0.505733518
0.433920388	-0.379347708	0.391317202	-0.00641007	0.227006466	0.468169431
-0.196601009	0.428532268	0.018800904	0.478416356	0.812599861	-0.257129916
0.657634032	0.357763896	0.056938711	0.234025184	0.669895178	0.086198354
0.417649725	0.034392106	0.157260807	-0.03399394	0.497055373	-0.262194436
0.853804876	-0.138620626	0.168605031	0.401309342	0.029660697	0.49906434
0.843030168	0.084583633	0.056383691	-0.228918193	0.160570577	-0.379987999
0.522818685	-0.275299831	0.462957822	-0.297059414	0.352588913	0.571780947
0.611079812	0.399368424	0.090402333	-0.048321958	-0.169656027	-0.430967927
-0.493668594	-0.409393191	0.432272904	-0.024592687	0.007626891	0.593627166
0.821065648	-0.124724883	0.412488336	1.518710886	-0.411405756	-0.26833005
0.756920621	-0.168119235	-0.009594351	1.223250847	0.10143476	-0.252974025
-0.582293899	0.415305086	0.075757701	0.37100246	0.576601167	0.367292547
0.867814882	-0.10023076	0.353810271	1.063191656	0.407190649	-0.079955858
0.303157201	0.204835086	0.255529868	-0.199691947	-0.222440538	0.600188669
0.452606393	0.470724786	0.259429392	0.906679781	-0.029627137	-0.131810963
-0.58836019	0.044853392	0.175554411	0.147222768	0.595010535	-0.375841013
-0.268733079	-0.126647998	0.359622719	0.107309186	-0.028307884	-0.349534405
0.205917897	0.00450571	0.263486896	0.787833617	0.761544466	0.296189829
-0.561351102	-0.210231313	-0.002436631	-0.351041037	0.101598517	0.573460719
0.561343686	-0.14232558	0.124051542	1.335022633	0.368426526	-0.238351415
-0.186073265	0.341928642	0.288703769	-0.038553234	0.199152229	0.077457977
0.10035021	0.140068234	0.017295662	0.068576483	0.230703736	0.56228001
-0.459077052	0.001202025	0.18548612	0.577900668	-0.01429387	-0.160625341
-0.027710136	0.125514964	0.288004717	-0.123694105	0.017902538	0.57135437
0.468130717	-0.000782974	0.353368052	1.459207782	0.69133088	-0.384462975
0.472804127	0.378945103	0.487800926	-0.331223699	-0.428516782	0.529416011
0.177389138	0.464032612	0.278741852	-0.363691493	-0.106512371	0.018504538
0.855335888	-0.42852159	0.310955623	0.810812959	-0.226114511	-0.321285874
0.569678169	-0.199476947	-0.002215306	0.264313015	0.025180645	0.160122964
-0.308728867	0.17910082	0.221778802	0.714570111	0.623860686	0.310062875
0.4204424	-0.060355944	0.130831124	1.141673808	0.150709347	0.002375687
-0.409971229	0.275602827	0.413884066	1.545633839	0.443698476	0.513585953
-0.382097622	0.104290901	0.209768111	0.290019615	0.671514553	-0.457601661
-0.145734906	0.17572254	0.428791717	1.348113276	-0.236582211	0.404981018
-0.477106266	0.422190249	0.308143474	0.436933242	-0.365111827	-0.076547173
-0.076038134	0.214293005	0.08310466	1.299648198	0.378658024	0.160514362
0.518141387	-0.034315896	0.511926505	0.30916489	-0.0397838	0.488813278
0.822735377	-0.274061744	0.393198079	0.874755691	0.762503843	-0.311650986
0.108542888	-0.114751902	0.431079883	0.748181669	-0.347062399	-0.458852975
-0.578178016	0.22264908	0.206132772	1.380842761	0.565205379	-0.442854862
0.422322998	0.146280197	0.407126528	1.288883046	0.254886209	0.115161861
0.485166124	-0.09589677	0.083532465	0.676144096	0.232495087	0.528258218
-0.427380015	-0.216557307	0.485371865	0.968064145	0.093194225	0.489345222
0.69301933	0.427564355	0.408781637	-0.268869039	-0.093621986	0.287300528
0.751497135	0.208567921	0.291115736	0.108850785	-0.416600689	0.132512777
-0.06948717	0.237864064	0.426966166	1.171234838	0.128558027	0.465467758
-0.203413891	0.152264462	0.4666209	0.06877337	0.563022902	0.22506345
0.110538252	0.442672989	-0.013023017	-0.038550472	-0.426940253	0.425872393
-0.327098033	-0.133254803	0.122221044	-0.305998065	-0.349172165	-0.265838696
0.371231258	-0.174457724	0.30327293	1.25091797	-0.062031192	0.130180372
0.815173311	-0.226373419	0.325191447	0.696943045	-0.243720666	-0.232059028
-0.436720791	-0.283154523	0.039704461	-0.047323859	0.025066516	0.461863326
0.206162149	-0.063705799	0.183375697	1.184272642	0.364388543	0.475399604
0.673553797	0.288013421	0.42496013	1.109504117	0.512649805	0.112977003
0.364020183	0.202235935	0.048731687	1.056035704	0.619532403	-0.426950212
0.085284173	-0.050022513	0.248442989	-0.395306827	-0.281407566	0.470522733
-0.593339969	-0.154303844	0.516313854	0.280552508	0.6235314	0.490039497
-0.451170015	0.075865912	0.290210869	0.771827093	0.269085251	0.457061685
-0.002887441	-0.214604645	0.009338916	0.107663829	0.337430576	0.041849363
0.19788778	0.037565839	0.052250067	-0.135515146	0.212174555	0.304005859
-0.398990018	0.153339316	0.134411092	0.916958354	0.808100476	-0.146075335
-0.296794393	-0.243159959	0.387172327	1.100430068	0.435810103	0.613132388
0.710632414	-0.420980905	0.325108048	-0.382583085	0.03947175	0.469872291
0.715800882	0.316178698	-0.010639986	1.408879169	-0.100709159	-0.372434702
0.525735972	0.390732243	0.312368542	-0.080537296	0.820426295	0.412343084
0.221135982	-0.228706575	0.174455088	0.244878557	-0.231982855	-0.105493624
0.233198798	-0.432477137	0.343749764	1.0437591	0.384446427	0.499373576
-0.399886025	0.230079223	0.274097538	-0.302894974	-0.231721603	0.369981365
0.551825731	-0.129543301	0.387388424	1.484936609	0.038106775	0.582444322
0.802080338	0.416077369	0.502522411	0.323763316	-0.41294475	0.40897398
-0.249171852	-0.206033819	0.333939908	1.127548909	-0.429652535	-0.422650186
-0.459317985	0.115765186	0.10972635	0.271273036	0.06147976	-0.425904974
0.314584518	-0.014691509	0.464861669	-0.286467173	-0.325823113	0.396223846
-0.05259327	-0.167438046	0.085998376	1.341531067	-0.141810341	-0.091602135
-0.04137716	0.344047768	0.383734778	0.179833595	0.516377273	0.168786018
-0.05871399	-0.37331415	0.03496838	1.274702744	-0.050126108	0.566114527
0.742591769	0.381094153	0.23069645	-0.401942594	-0.194132977	-0.397960739
0.851976771	-0.400881148	0.425093147	1.026197468	-0.470612866	-0.094225358
0.712490884	0.390208483	0.297662736	-0.262577494	-0.029405116	0.157772968
0.573525804	-0.036601782	0.197070387	0.344498109	0.513325679	-0.13066169
0.514274609	-0.276342602	0.497354224	0.512162407	-0.453343263	0.220399738
-0.337625116	0.066547549	0.016598289	1.08581273	0.103783232	-0.390771749
-0.154493596	0.244239888	0.230858321	0.024898165	-0.258929112	0.371073777
-0.518627801	0.28885554	0.273529716	0.819632748	-0.501595121	0.198972739
0.014975812	-0.278430978	0.173632411	1.093005501	-0.467982475	0.206379466
0.8632841	0.085924753	0.449355945	1.042853277	0.126887647	-0.102019596
0.512355179	-0.10935572	-0.011544868	1.106899474	0.454646448	-0.159106505
0.419593832	0.083430387	0.214764886	0.338974456	0.386920171	-0.190391774
0.037030056	-0.030144055	0.491342467	1.522163551	-0.220936641	-0.340730519
-0.198040415	0.007233417	0.051105123	1.06652744	0.414559572	0.542262701
0.801720436	-0.100709272	0.12485754	1.151874926	0.271212419	0.392600546
0.589122272	0.437457375	0.045949135	0.825197423	0.665069406	0.243833532
0.72686323	-0.280409012	0.394018855	1.374901259	-0.318276957	-0.327579877
-0.017412951	-0.428526816	0.286472306	1.553402678	0.441351386	0.516952086
0.181034029	0.000379298	0.512981482	0.023358064	0.134833021	-0.006151158
0.688641217	-0.004195135	0.036104857	-0.182740229	0.39512469	0.558711364
-0.28774111	-0.05740622	0.48012303	0.028332347	-0.091152056	0.164300478
-0.316557166	0.180444761	0.169030597	-0.144801315	0.77199981	0.353398468
0.694494809	-0.122915748	0.179846425	0.369485686	0.556112523	0.207914481
0.808460393	0.011092356	0.415010929	0.224116671	-0.178715999	0.387168705
0.816935742	0.256000201	0.049675515	-0.352666313	0.07876828	-0.101486694
-0.341629377	-0.008617897	0.198185941	-0.032924685	-0.113591712	-0.210230872
0.719915438	0.370721829	0.210152675	0.696674064	-0.088951932	0.241212846
0.241423983	0.433345594	0.432296441	0.982415607	0.345096162	-0.330760798
0.41527174	0.210690269	0.021431254	0.778540277	0.622634985	0.449375883
0.145457148	0.029454583	0.21122058	1.424093554	-0.179326655	0.067401645
0.71134129	0.126617475	0.166030478	0.514711818	-0.278832751	0.312348164
-0.249885155	0.255444788	0.087677723	-0.263183191	0.45156559	0.543274018
0.301642157	-0.438569544	0.373703543	1.489666198	0.031639124	0.544652422
0.583891157	-0.003322657	0.217893146	0.32574373	-0.418909067	0.59254026
0.539547811	0.220720659	-0.008008519	0.026372739	0.330956598	-0.071636611
-0.586301848	-0.154833922	-0.008984907	1.12018213	-0.190606441	-0.264434287
0.208044615	0.47134773	0.127460784	0.793427487	0.145003124	-0.438990234
-0.175463233	0.455121422	0.234578047	1.351433689	0.522253115	0.500192106
-0.596861738	-0.060959632	0.208009764	0.623654813	0.337500589	0.155508806
-0.557317407	0.445786836	0.251355027	0.128227989	0.820908937	-0.128406423
0.251047499	0.233817128	0.036456663	-0.328962194	0.251315395	-0.267322288
0.591110914	0.04444707	0.424788552	1.074102691	0.514547001	-0.179872963
0.599610192	0.166276355	0.143328593	0.699008497	0.28462988	0.408195772
-0.059669304	0.257862804	0.412702197	-0.065347132	-0.045124553	-0.448332667
-0.228839132	-0.091020139	0.202456978	1.269944609	0.505919837	0.112455755
0.390074586	-0.404303139	0.117477573	-0.406520049	0.466455671	0.53693398
0.652806205	-0.061084385	0.308454946	-0.315846671	-0.358945188	0.557017235
-0.215370691	0.413785051	0.220842358	1.029226611	-0.047243955	0.238547834
0.368078148	0.436667355	0.358292784	1.077663646	-0.205964072	0.56427058
0.855772737	0.348246791	0.006531401	1.260260982	0.08764	-0.285011049
0.589278598	0.043536309	0.257748286	-0.193102364	0.107805483	-0.241807448
0.790093431	-0.408399928	0.21499255	0.749987132	-0.420952869	0.236715048
0.220639095	0.482508837	0.112673926	0.26979857	-0.253461371	-0.040966882
0.438725362	0.146150481	0.507127532	0.44066151	-0.129757405	-0.179423259
0.837788075	-0.332814822	0.402224445	0.071861162	0.085233623	-0.315588554
0.594651795	0.035300659	0.255473107	0.576265892	-0.016942015	0.046474666
0.33721363	-0.049260482	0.088221084	1.192383402	-0.121127705	-0.396976301
0.210208128	0.231971834	0.34761524	0.429910065	-0.008489945	0.431733512
-0.210601603	0.014713572	0.437365001	0.393565033	-0.208624153	0.214964984
0.124174982	-0.06338751	0.525550286	0.304183983	0.753059322	0.241783365
0.363384618	0.354349223	-0.008906572	0.119319038	0.445585239	-0.137452898
0.455431587	0.073554523	0.271296669	-0.387657312	0.06906549	-0.188592133
0.260366396	0.414577958	0.429639568	1.210173318	0.208950435	-0.25602435
0.219034488	0.358762883	0.135116379	1.257547065	0.200680286	-0.074617868
-0.053111231	0.335684341	0.231018797	1.017325791	-0.443989679	0.348663399
0.506537837	0.181324003	0.284551075	0.945709026	0.058368613	-0.011839881
0.128425895	-0.393950878	0.411718979	-0.089792904	-0.223743922	0.606067657
-0.529791887	0.20875042	0.04991245	0.019292574	-0.471977326	-0.038723529
0.806396042	-0.15932169	0.189779041	1.507046694	0.569729045	0.392810133
0.438984966	0.031126356	0.356847432	1.364826964	0.767635317	0.081994053
-0.312157244	0.26224603	0.268461164	1.568322404	0.626117444	-0.21156846
-0.373817529	-0.285314133	0.309635291	-0.240228627	0.746036652	-0.418204424
0.281187013	-0.322059768	0.1591237	0.635308655	0.421240413	0.230051119
-0.207795475	-0.402979977	0.291716187	0.579413421	0.252331824	0.587394692
0.582538221	0.234536002	0.357942986	-0.246689284	-0.439072338	-0.4577844
0.365251545	-0.162816223	0.290799482	1.479512733	0.436914804	-0.362735738
0.74169113	0.305085195	0.135929954	1.500396988	0.818637343	0.210051791
-0.026203414	-0.349552578	0.354644963	-0.151819184	0.406824731	0.074769506
-0.145927744	0.359678765	0.088968154	0.43847225	0.740710781	-0.207101783
0.605779614	0.095361326	0.460080678	-0.156455029	0.79840879	-0.311324525
0.543462704	0.198790606	0.275451399	-0.19176908	-0.374742846	0.365917061
-0.36701906	0.098659007	0.349646414	-0.072112136	0.504279293	0.409768827
0.3808408	0.323870436	0.407120904	0.817948957	-0.252440807	-0.362171035
0.500456345	-0.229504293	0.490819429	0.383571454	0.777823161	0.333693956
-0.477271819	0.482931054	0.032388363	0.800862947	0.042735368	-0.416339114
-0.081438679	0.376229913	0.338442072	0.866442878	0.609981314	-0.0630402
0.337270165	0.411075021	0.083696188	1.567635353	0.329479469	0.480373655
0.366724776	-0.233194167	0.276132042	0.489689048	0.735471093	-0.25052256
-0.355379311	0.222926648	0.356421592	0.012033339	0.780981477	-0.400336864
0.356669285	-0.088527764	0.175825062	0.758139642	0.055189341	-0.120304402
0.647932626	-0.403188252	0.018768333	-0.246835877	-0.474714712	-0.150275848
0.112570185	-0.06978294	0.425127058	0.305452768	0.350636569	-0.251306009
0.074300776	0.001377631	0.364821052	1.518046516	-0.488744501	0.281468507
0.548357521	-0.439428071	0.317985446	0.058734561	0.776467201	0.020472928
-0.13243252	0.020992718	0.295595619	1.332919156	0.356731465	-0.334654306
-0.228126372	-0.316678827	0.145587537	-0.027574262	-0.059121023	0.285111847
0.494663578	0.233704807	0.427907655	-0.391269568	0.273775522	0.358118129
0.630676647	0.240232558	0.266597575	0.039914197	0.530855005	-0.03609143
0.481893533	0.271231476	0.097308715	0.942655623	0.464890649	-0.421004527
-0.38937912	-0.316098294	0.194035795	-0.279579243	-0.242235351	0.372000675
0.840567149	-0.325496343	0.026285172	-0.150615275	0.195312725	-0.389643897
0.137961731	-0.009070264	0.263834624	0.9390591	0.771199101	0.059713283
-0.373155589	0.313682314	0.114346929	1.307290099	0.18626924	-0.123615641
0.219933733	-0.346476959	0.287452128	1.035038919	0.798067103	0.31205034
0.371750486	0.314520385	0.413700041	0.69954904	-0.482262818	-0.222453405
0.441787264	0.208952592	0.426991509	0.899297595	-0.140532168	-0.123658277
0.45105871	0.31838721	0.408750426	0.784619842	0.295017914	0.184201533
-0.190997816	0.033990953	0.446412105	-0.107866266	0.500000346	-0.366189682
0.030747687	-0.027865274	0.121145922	0.574041493	-0.312008325	0.001637827
0.602312348	0.487939339	0.464264381	0.484684499	-0.203017736	0.587876662
0.25247095	-0.051945156	0.235503725	0.604337841	0.083441834	0.594614932
0.362369451	-0.067012009	0.008204764	0.158321586	0.778677444	0.140500769
0.635429385	-0.12511085	0.041141578	1.009288344	-0.095705965	-0.299148536
0.742895468	0.456236759	0.102084922	0.594724712	0.438604979	-0.022054538
-0.191306119	0.137846245	0.0669757	1.401684724	0.494071814	-0.362099807
0.052369011	-0.250499938	0.083539986	0.275991198	0.192845898	0.608916009
-0.204296348	-0.187693681	0.175247376	0.469375536	0.504056748	0.522943036
0.757296658	-0.345418883	0.071853617	0.007929304	0.17800051	0.08923946
0.227625599	-0.128736926	0.079069437	-0.266421803	-0.114784461	0.09602019
0.400517978	0.414918207	0.416939145	1.324782429	-0.455554905	0.430619573
0.219071842	-0.10210176	0.489177861	-0.355787941	0.099944205	-0.182792647
0.558149876	-0.26582368	0.181028192	0.234902997	-0.197500766	0.569223406
0.424865289	-0.372482497	-0.00226474	0.293585461	0.710778077	0.504295396
0.68850432	0.29146469	0.265292218	1.56780949	0.300036607	-0.012507776
0.84292765	-0.128631138	0.522047226	0.999441333	0.535485673	-0.125381072
0.270488844	0.457017155	0.328974308	-0.196037272	-0.069160385	0.157284647
-0.449719741	-0.397258701	0.1603306	0.373959784	-0.16755265	0.328004551
-0.244654314	0.319953914	0.459056569	-0.242895143	0.468379367	0.500563735
0.79829819	-0.246537531	0.205925972	0.012604087	-0.368508203	0.471244991
0.45599432	0.189337299	0.253301462	-0.170384707	0.424128506	0.386857878
-0.570163651	0.002928043	0.361862825	0.129303488	0.549196421	0.594478581
-0.496103858	0.020377983	0.242750668	0.61373509	0.42551019	0.477919477
0.328373533	-0.335435399	0.452630229	1.217083587	0.639721471	0.262559461
-0.404727731	0.208105054	0.042984446	-0.014955298	0.741760088	-0.130874592
-0.457680815	0.460291474	0.188445809	1.484245092	-0.181174606	-0.403947445
0.45081106	-0.281298279	0.525113933	0.65930765	-0.010839024	-0.125009861
0.360936981	0.114978793	0.159478436	0.225201655	0.235427925	0.330012408
0.329219526	0.411186995	0.041295619	1.364284186	0.312919255	-0.264858402
0.052484849	0.083287438	0.422774552	0.126307915	0.627806242	-0.44730211
-0.553105767	0.467606016	0.479135679	0.569437035	0.335776867	0.285311718
0.467108318	-0.235603616	0.174707284	0.203800387	0.400932257	-0.143057601
-0.452910748	0.280449365	0.306914019	0.34636777	-0.472910153	-0.097784829
-0.580083623	-0.354757672	0.094582522	1.113530176	-0.299018016	0.374771974
0.328830865	-0.116781881	0.015936932	-0.042488952	0.594210865	-0.259587239
-0.127745212	0.230610189	0.45834959	-0.124583411	0.547915505	0.493127214
-0.566536084	-0.162850509	0.200759795	1.475830914	0.74625508	-0.23287806
0.598494955	0.377247096	0.50795495	1.021916341	0.382431905	-0.075285651
-0.602384642	-0.398872667	0.1602941	0.854707469	-0.428750253	0.580516971
0.309576967	0.031505082	0.438826191	0.734912206	-0.190957344	0.368306242
-0.464701553	0.107602574	0.396207778	-0.252632716	0.400779563	-0.12690836
0.382665372	-0.402426052	0.083889672	0.11472823	-0.206979817	-0.06400282
0.424619603	-0.235771554	0.073477092	0.679298301	-0.403345288	0.328870968
0.14856989	-0.426791719	0.056547662	0.473808817	0.790271631	0.041739289
-0.153375484	0.150558705	0.090415491	0.289624053	0.73609471	0.609805123
0.675472269	0.149528368	0.320143014	0.302295285	0.735048907	0.590830413
-0.174744787	0.044600615	0.115953681	1.417895661	0.802738794	0.613564669
0.605650244	-0.081493785	0.197966248	0.785246303	0.292219423	-0.439304045
-0.53448393	-0.123689724	0.095342814	0.069837051	-0.503907158	-0.115049813
0.452425388	-0.043335821	0.254384446	1.516819863	-0.407492854	0.497879255
0.749949256	-0.405957765	0.155241204	0.620444342	0.368540991	0.581433829
-0.228792033	-0.262978237	0.037142523	1.05858121	0.203361158	-0.190741812
-0.092966665	-0.027741023	0.417183378	0.867802674	-0.453555974	0.370361412
0.35543896	-0.412760385	0.266384069	0.761618104	0.109567674	0.107140463
-0.015850684	0.472231614	0.024211292	0.956606568	0.799280303	-0.070817413
0.813671839	-0.253487956	0.328693856	1.460584624	0.168486545	-0.18196867
0.015266857	-0.070649746	0.106980811	0.427496228	0.177454567	-0.40785432
-0.232428909	-0.434239774	0.017419625	0.149295391	-0.430147407	0.41955169
-0.472039144	-0.368930722	0.011253579	0.232917714	0.065909875	-0.146335931
0.121251626	0.089806507	-0.007854326	-0.10745053	-0.329022396	-0.355886766
0.407058859	-0.311674065	0.253838226	0.72087782	0.603587462	0.350662858
0.717332837	0.432252112	0.030446187	0.441589188	-0.098682319	-0.26317237
-0.250881347	0.394812728	0.283857392	0.514369493	-0.258579535	0.264530755
0.159792679	-0.104075431	0.524259404	0.389727713	0.463619337	0.203413958
-0.410894173	-0.372033006	0.135762493	0.219916169	0.124853063	0.606487227
0.594090002	0.142275826	0.075131222	0.437639527	0.376509184	-0.017019524
-0.016014441	-0.320556201	0.341507382	1.288908232	-0.222690425	0.289162826
0.249161249	0.13532178	0.499021656	1.458597807	-0.407306807	-0.103533712
0.817287531	0.217270528	0.256160704	0.2846696	0.152995799	-0.006584193
-0.279873165	-0.088591888	0.273166659	0.835829687	-0.058244954	-0.045239016
-0.258490188	0.247049058	0.163993928	-0.187214691	0.190671037	-0.047294183
0.325990349	-0.313612834	0.011443614	1.458509758	-0.013623175	0.475886468
-0.158030223	-0.359910919	0.406574277	-0.294322373	0.170401197	0.48993169
0.0052174	0.078876663	0.509326005	0.188202371	-0.350644724	-0.146351465
-0.139588892	0.157450901	0.021641104	0.664942055	0.666079795	0.218739149
0.086723628	-0.283790703	0.514059042	0.154749167	0.424626469	0.395241299
0.85923077	-0.261416541	0.451864052	-0.091022547	0.333430949	0.389082611
0.657204409	0.210856337	0.303864095	0.383450184	-0.011868981	0.501974685
0.181767267	0.366818684	0.472885175	0.358470321	0.492838506	0.217119067
0.40559805	0.306395586	0.518836441	-0.358094449	0.543125055	0.232836807
0.841634211	0.132099507	0.426105749	1.579409522	0.119458994	0.407023377
0.433741975	0.342193873	0.190222111	1.089751728	0.440599952	-0.226125495
0.464584024	0.032084792	0.128473404	-0.229557451	0.081731785	-0.469531805
0.389358584	0.359477697	0.028421593	-0.161813148	-0.297244542	0.544408106
-0.597887368	-0.120667464	0.467416422	-0.415260486	0.681321271	-0.121188057
-0.236572252	0.208790676	0.183562671	-0.358668582	0.076641861	0.526536993
0.156756694	-0.385200132	0.430659793	0.391037862	0.712654943	-0.061953888
-0.176892662	0.023292559	0.499610189	1.401236094	-0.473091148	0.086797191
-0.441115619	-0.270450452	0.205452461	0.302542801	0.502338768	-0.420528701
0.560256157	-0.419243527	0.267995484	1.398763337	0.521423944	0.379915172
-0.142543085	-0.147542692	0.239032459	1.506469069	-0.01268312	-0.016834053
0.797117114	-0.069751502	0.014476806	0.929969218	0.610207882	-0.398553239
0.439667482	-0.390558651	0.051225687	0.662638441	0.166133255	-0.185557373
-0.443400913	0.052451023	0.506270885	0.205753686	0.678008201	0.239573534
0.15311101	0.107588978	0.485724842	1.288280462	0.462751689	0.01207928
0.77755379	0.012242038	0.366790769	-0.158128725	0.13326169	0.419018698
0.699810766	-0.29613262	0.508725016	-0.199521576	-0.430737223	0.610774091
-0.31867771	0.308364841	0.267034219	0.893677986	0.625322481	-0.030455432
0.181000402	-0.439248086	0.123371733	0.908797985	0.528124128	0.289959549
0.548477631	-0.276686024	0.53215549	0.955397565	0.462732984	-0.272479815
0.55711587	-0.014687664	0.308871976	0.74611206	-0.078676057	0.182466958
-0.115504348	-0.138122849	0.052665695	-0.063852517	0.336097839	0.554643708
0.663262799	0.093210966	0.058638483	0.644068057	0.79837155	0.142277597
-0.210661451	0.226919616	0.014884279	1.112816801	0.007367113	0.522073989
-0.40688896	0.22328037	0.121436479	0.389869566	0.119927548	0.488801609
-0.430408838	-0.441357484	0.498283716	-0.407513774	-0.307532019	-0.132719184
-0.089355089	-0.023846828	0.328734461	-0.1760573	-0.190983354	-0.232250514
0.202876085	0.219505264	0.316117556	0.840991273	0.367986956	-0.340041883
0.292565457	-0.008650131	0.03721013	0.264745948	0.814208321	0.113269709
0.464342722	-0.373598542	0.388587361	1.171298167	0.617978882	-0.056423115
-0.285636771	-0.24698469	0.427824951	0.774146517	0.670140718	-0.375923216
0.453372057	0.457440772	0.2602745	0.680160379	-0.040553489	0.098429302
0.213308745	0.285276613	0.16043414	1.532393876	-0.243858092	-0.162908208
-0.412775711	-0.139782309	0.188406403	0.648920608	-0.159624323	-0.155599884
0.568112904	-0.247333948	0.389086091	-0.013364216	0.203001632	0.506167033
0.087310632	-0.071452502	0.070105058	0.494598534	0.187951514	-0.205010307
0.662522032	0.225229724	0.472137407	0.792890936	-0.160429953	0.512100947
0.471593909	-0.095537191	0.350390792	0.998829438	0.752033093	-0.225777776
0.540827788	0.20657758	0.123875695	0.618007837	0.154600979	0.011258366
0.308585799	0.333493027	0.286085636	1.101106082	0.748161022	-0.064138952
-0.223310985	-0.011621057	0.241090351	1.321910267	-0.29624701	0.301780838
0.256159658	-0.249263115	0.086212989	1.06692875	0.351670535	-0.29060523
0.142403492	-0.187294763	0.47030954	0.428519304	0.365217105	0.126135784
-0.600169844	0.133263658	0.510172341	-0.384364654	-0.273616311	-0.432423792
0.444981657	-0.074587967	0.348674084	1.082080554	0.214124776	0.413778061
-0.006377822	0.030619508	0.204634579	0.939094647	0.630752824	-0.041616369
-0.456877911	0.006242489	0.39429869	1.494466598	-0.135289142	0.594732177
-0.312282139	-0.366801998	0.454503137	0.549407505	0.352532308	-0.272354025
-0.458383664	0.32067565	0.486340575	0.027088163	0.46757669	-0.090276894
-0.446536398	0.420134887	0.493186466	0.883873891	0.510977042	0.487732371
-0.096628816	-0.38712802	0.505215571	1.300764993	-0.399125864	0.183340526
-0.568654052	0.464866382	0.34448762	0.445360858	0.398857967	-0.405901754
0.025298377	-0.068878674	0.503075568	-0.176881713	-0.011546197	-0.22873993
0.7245366	0.358491221	0.47072845	0.043299319	-0.205281106	-0.372476005
0.494019336	-0.028531791	0.282960023	1.564432601	0.684391819	-0.18716905
-0.512290661	0.190696727	0.41916307	-0.188424758	0.711901423	0.529698647
-0.218569559	0.039426536	0.069429301	0.073425655	0.052863007	-0.31430102
-0.155836181	-0.153532293	0.12546427	0.958811778	-0.064587788	-0.089916954
0.453186821	0.314800626	0.429302083	0.412730677	-0.321145306	0.071142332
-0.613794196	0.053910666	0.02814379	0.274412589	0.026652964	-0.385853308
-0.076994938	-0.193781613	0.182779263	1.235446458	0.464483304	0.165516977
0.137966329	-0.162334313	0.396255074	0.442606831	-0.157208435	0.544900648
-0.290952414	0.318010784	0.188930292	-0.139374191	0.006780716	0.012476487
-0.343029073	0.138772042	0.485037666	0.498697956	-0.001989745	0.408805476
0.850795738	0.198713561	0.049015957	1.348231745	0.728776345	-0.027290496
-0.241201756	0.333961946	0.360039207	1.287510023	0.669625726	0.301570972
0.739294842	0.10599038	0.370659444	0.184608206	-0.09133375	0.451654874
-0.327896986	0.317279581	0.391144229	0.046306186	0.192176793	0.31017895
0.713836841	0.172174807	0.454829384	0.6048291	-0.487016465	0.331151302
-0.245759431	0.060671764	0.41321686	0.731485026	0.27306759	0.115768915
-0.137403942	0.131871192	0.030076804	1.213547253	-0.200262804	0.435531904
0.205785727	-0.256325462	0.081047186	-0.012312793	-0.490130416	-0.362003056
0.750150571	-0.18799645	0.114240034	0.254578299	0.687770002	0.162896372
0.853882971	-0.267192429	0.456188218	0.181883171	0.448420675	0.160647049
0.811691857	-0.151592396	0.384156271	0.191112636	0.776359489	0.281108533
0.740654896	-0.067956122	0.40095251	0.12654421	0.406882712	-0.382031632
0.366083514	-0.364331088	0.338059604	0.355451544	-0.093633817	0.359885827
0.03208931	0.088836318	0.392197742	-0.253158507	-0.04524641	0.563789066
-0.199344715	-0.039648079	0.338599899	0.018357117	-0.160292411	0.198945645
0.191183615	-0.36694663	0.080076642	-0.255215858	0.551219446	-0.356865414
-0.466285687	0.217413551	0.222253507	0.870161947	-0.079015595	-0.316977658
0.453436905	0.091050618	0.100772678	0.681404555	0.735113608	0.397337449
0.470108022	-0.088940586	0.498291572	0.437930304	-0.321236344	-0.003686841
-0.559500874	0.027867137	0.142702916	0.628865065	-0.242748619	0.367803801
-0.037310536	-0.269587611	0.26281859	-0.228096882	0.511656883	-0.210767608
-0.272568694	-0.397109456	0.517048954	0.155679302	0.00670907	-0.107443094
-0.203749443	-0.41156024	0.159635233	0.289093886	0.220535013	0.563798078
0.560472121	-0.221954566	0.213897959	0.041103142	-0.427971825	0.574520928
-0.170977564	0.234373699	0.281967951	-0.019775558	0.189287703	0.410543765
0.11020488	-0.265442974	-0.002209294	0.231541477	0.091429645	0.585389725
-0.453936987	0.343521408	0.398037041	1.145147089	0.051541506	-0.3529807
-0.370799859	-0.16680066	0.017416041	0.57412024	0.725987623	-0.310816102